latitude=20.8096375932449
longitude= 75.7764955457291
